0,508
0,507
0,506
0,505
0,504
0,503
0,502
0,501
0,500
0,499
0,498
0,497
0,496
0,495
0,494
0,493
0,492
0,491
0,490
0,489
0,488
0,487
0,486
0,485
0,484
0,483
0,482
0,481
0,480
0,479
0,478
0,477
0,476
0,475
0,474
0,473
0,472
0,273
0,270
10,90
10,172
10,78
10,144
10,130
10,228
10,166
10,200
11,11
9,4
9,6
8,9
8,16
8,12
8,11
8,6
8,17
37,4
37,3
37,2
37,1
37,0
36,4
36,3
36,2
36,1
36,0
35,4
35,3
35,2
35,1
35,0
32,3
32,2
32,1
32,0
20,3
20,2
20,1
19,3
19,2
19,1
12,3
12,2
18,1
12,1
11,22
11,21
18,3
11,20
11,19
11,13
11,9
11,8
11,5
11,3
11,2
11,1
10,303
10,302
10,301
10,300
14,1
14,3
10,281
